1 0 1 0
2 0 1 40
3 0 0 80
4 0 0 120
5 0 0 160
6 0 0 200
7 0 0 240
8 0 0 280
9 0 0 320
10 0 0 360
11 0 0 400
12 0 0 440
13 0 0 480
14 0 0 520
15 0 0 560
16 0 0 600
17 0 0 640
18 0 0 680
19 0 0 720
20 0 0 760
21 0 0 800
22 0 0 840
23 0 0 880
24 0 0 920
25 0 0 960
26 1 0 0
27 1 0 40
28 1 0 80
29 1 0 120
30 1 0 160
31 1 0 200
32 1 0 240
33 1 0 280
34 1 0 320
35 1 0 360
36 1 0 400
37 1 0 440
38 1 0 480
39 1 0 520
40 1 0 560
41 1 0 600
42 1 0 640
43 1 0 680
44 1 0 720
45 1 0 760
46 1 0 800
47 1 0 840
48 1 0 880
49 1 0 920
50 1 0 960
51 2 0 0
52 2 0 40
53 2 0 80
54 2 0 120
55 2 0 160
56 2 0 200
57 2 0 240
58 2 0 280
59 2 0 320
60 2 0 360
61 2 0 400
62 2 0 440
63 2 0 480
64 2 0 520
65 2 0 560
66 2 0 600
67 2 0 640
68 2 0 680
69 2 0 720
70 2 0 760
71 2 0 800
72 2 0 840
73 2 0 880
74 2 0 920
75 2 0 960
76 3 0 0
77 3 0 40
78 3 0 80
79 3 0 120
80 3 0 160
81 3 0 200
82 3 0 240
83 3 0 280
84 3 0 320
85 3 0 360
86 3 0 400
87 3 0 440
88 3 0 480
89 3 0 520
90 3 0 560
91 3 0 600
92 3 0 640
93 3 0 680
94 3 0 720
95 3 0 760
96 3 0 800
97 3 0 840
98 3 0 880
99 3 0 920
100 3 0 960
101 4 0 0
102 4 0 40
103 4 0 80
104 4 0 120
105 4 0 160
106 4 0 200
107 4 0 240
108 4 0 280
109 4 0 320
110 4 0 360
111 4 0 400
112 4 0 440
113 4 0 480
114 4 0 520
115 4 0 560
116 4 0 600
117 4 0 640
118 4 0 680
119 4 0 720
120 4 0 760
121 4 0 800
122 4 0 840
123 4 0 880
124 4 0 920
125 4 0 960
126 5 0 0
127 5 0 40
128 5 0 80
129 5 0 120
130 5 0 160
131 5 0 200
132 5 0 240
133 5 0 280
134 5 0 320
135 5 0 360
136 5 0 400
137 5 0 440
138 5 0 480
139 5 0 520
140 5 0 560
141 5 0 600
142 5 0 640
143 5 0 680
144 5 0 720
145 5 0 760
146 5 0 800
147 5 0 840
148 5 0 880
149 5 0 920
150 5 0 960
151 6 0 0
152 6 0 40
153 6 0 80
154 6 0 120
155 6 0 160
156 6 0 200
157 6 0 240
158 6 0 280
159 6 0 320
160 6 0 360
161 6 0 400
162 6 0 440
163 6 0 480
164 6 0 520
165 6 0 560
166 6 0 600
167 6 0 640
168 6 0 680
169 6 0 720
170 6 0 760
171 6 0 800
172 6 0 840
173 6 0 880
174 6 0 920
175 6 0 960
176 7 0 0
177 7 0 40
178 7 0 80
179 7 0 120
180 7 0 160
181 7 0 200
182 7 0 240
183 7 0 280
184 7 0 320
185 7 0 360
186 7 0 400
187 7 0 440
188 7 0 480
189 7 0 520
190 7 0 560
191 7 0 600
192 7 0 640
193 7 0 680
194 7 0 720
195 7 0 760
196 7 0 800
197 7 0 840
198 7 0 880
199 7 0 920
200 7 0 960
201 8 0 0
202 8 0 40
203 8 0 80
204 8 0 120
205 8 0 160
206 8 0 200
207 8 0 240
208 8 0 280
209 8 0 320
210 8 0 360
211 8 0 400
212 8 0 440
213 8 0 480
214 8 0 520
215 8 0 560
216 8 0 600
217 8 0 640
218 8 0 680
219 8 0 720
220 8 0 760
221 8 0 800
222 8 0 840
223 8 0 880
224 8 0 920
225 8 0 960
226 9 0 0
227 9 0 40
228 9 0 80
229 9 0 120
230 9 0 160
231 9 0 200
232 9 0 240
233 9 0 280
234 9 0 320
235 9 0 360
236 9 0 400
237 9 0 440
238 9 0 480
239 9 0 520
240 9 0 560
241 9 0 600
242 9 0 640
243 9 0 680
244 9 0 720
245 9 0 760
246 9 0 800
247 9 0 840
248 9 0 880
249 9 0 920
250 9 0 960
251 10 0 0
252 10 0 40
253 10 0 80
254 10 0 120
255 10 0 160
256 10 0 200
257 10 0 240
258 10 0 280
259 10 0 320
260 10 0 360
261 10 0 400
262 10 0 440
263 10 0 480
264 10 0 520
265 10 0 560
266 10 0 600
267 10 0 640
268 10 0 680
269 10 0 720
270 10 0 760
271 10 0 800
272 10 0 840
273 10 0 880
274 10 0 920
275 10 0 960
276 11 0 0
277 11 0 40
278 11 0 80
279 11 0 120
280 11 0 160
281 11 0 200
282 11 0 240
283 11 0 280
284 11 0 320
285 11 0 360
286 11 0 400
287 11 0 440
288 11 0 480
289 11 0 520
290 11 0 560
291 11 0 600
292 11 0 640
293 11 0 680
294 11 0 720
295 11 0 760
296 11 0 800
297 11 0 840
298 11 0 880
299 11 0 920
300 11 0 960
301 12 0 0
302 12 0 40
303 12 0 80
304 12 0 120
305 12 0 160
306 12 0 200
307 12 0 240
308 12 0 280
309 12 0 320
310 12 0 360
311 12 0 400
312 12 0 440
313 12 0 480
314 12 0 520
315 12 0 560
316 12 0 600
317 12 0 640
318 12 0 680
319 12 0 720
320 12 0 760
321 12 0 800
322 12 0 840
323 12 0 880
324 12 0 920
325 12 0 960
326 13 0 0
327 13 0 40
328 13 0 80
329 13 0 120
330 13 0 160
331 13 0 200
332 13 0 240
333 13 0 280
334 13 0 320
335 13 0 360
336 13 0 400
337 13 0 440
338 13 0 480
339 13 0 520
340 13 0 560
341 13 0 600
342 13 0 640
343 13 0 680
344 13 0 720
345 13 0 760
346 13 0 800
347 13 0 840
348 13 0 880
349 13 0 920
350 13 0 960
351 14 0 0
352 14 0 40
353 14 0 80
354 14 0 120
355 14 0 160
356 14 0 200
357 14 0 240
358 14 0 280
359 14 0 320
360 14 0 360
361 14 0 400
362 14 0 440
363 14 0 480
364 14 0 520
365 14 0 560
366 14 0 600
367 14 0 640
368 14 0 680
369 14 0 720
370 14 0 760
371 14 0 800
372 14 0 840
373 14 0 880
374 14 0 920
375 14 0 960
376 15 0 0
377 15 0 40
378 15 0 80
379 15 0 120
380 15 0 160
381 15 0 200
382 15 0 240
383 15 0 280
384 15 0 320
385 15 0 360
386 15 0 400
387 15 0 440
388 15 0 480
389 15 0 520
390 15 0 560
391 15 0 600
392 15 0 640
393 15 0 680
394 15 0 720
395 15 0 760
396 15 0 800
397 15 0 840
398 15 0 880
399 15 0 920
400 15 0 960
401 16 0 0
402 16 0 40
403 16 0 80
404 16 0 120
405 16 0 160
406 16 0 200
407 16 0 240
408 16 0 280
409 16 0 320
410 16 0 360
411 16 0 400
412 16 0 440
413 16 0 480
414 16 0 520
415 16 0 560
416 16 0 600
417 16 0 640
418 16 0 680
419 16 0 720
420 16 0 760
421 16 0 800
422 16 0 840
423 16 0 880
424 16 0 920
425 16 0 960
426 17 0 0
427 17 0 40
428 17 0 80
429 17 0 120
430 17 0 160
431 17 0 200
432 17 0 240
433 17 0 280
434 17 0 320
435 17 0 360
436 17 0 400
437 17 0 440
438 17 0 480
439 17 0 520
440 17 0 560
441 17 0 600
442 17 0 640
443 17 0 680
444 17 0 720
445 17 0 760
446 17 0 800
447 17 0 840
448 17 0 880
449 17 0 920
450 17 0 960
451 18 0 0
452 18 0 40
453 18 0 80
454 18 0 120
455 18 0 160
456 18 0 200
457 18 0 240
458 18 0 280
459 18 0 320
460 18 0 360
461 18 0 400
462 18 0 440
463 18 0 480
464 18 0 520
465 18 0 560
466 18 0 600
467 18 0 640
468 18 0 680
469 18 0 720
470 18 0 760
471 18 0 800
472 18 0 840
473 18 0 880
474 18 0 920
475 18 0 960
476 19 0 0
477 19 0 40
478 19 0 80
479 19 0 120
480 19 0 160
481 19 0 200
482 19 0 240
483 19 0 280
484 19 0 320
485 19 0 360
486 19 0 400
487 19 0 440
488 19 0 480
489 19 0 520
490 19 0 560
491 19 0 600
492 19 0 640
493 19 0 680
494 19 0 720
495 19 0 760
496 19 0 800
497 19 0 840
498 19 0 880
499 19 0 920
500 19 0 960
501 20 0 0
502 20 0 40
503 20 0 80
504 20 0 120
505 20 0 160
506 20 0 200
507 20 0 240
508 20 0 280
509 20 0 320
510 20 0 360
511 20 0 400
512 20 0 440
513 20 0 480
514 20 0 520
515 20 0 560
516 20 0 600
517 20 0 640
518 20 0 680
519 20 0 720
520 20 0 760
521 20 0 800
522 20 0 840
523 20 0 880
524 20 0 920
525 20 0 960
526 21 0 0
527 21 0 40
528 21 0 80
529 21 0 120
530 21 0 160
531 21 0 200
532 21 0 240
533 21 0 280
534 21 0 320
535 21 0 360
536 21 0 400
537 21 0 440
538 21 0 480
539 21 0 520
540 21 0 560
541 21 0 600
542 21 0 640
543 21 0 680
544 21 0 720
545 21 0 760
546 21 0 800
547 21 0 840
548 21 0 880
549 21 0 920
550 21 0 960
551 22 0 0
552 22 0 40
553 22 0 80
554 22 0 120
555 22 0 160
556 22 0 200
557 22 0 240
558 22 0 280
559 22 0 320
560 22 0 360
561 22 0 400
562 22 0 440
563 22 0 480
564 22 0 520
565 22 0 560
566 22 0 600
567 22 0 640
568 22 0 680
569 22 0 720
570 22 0 760
571 22 0 800
572 22 0 840
573 22 0 880
574 22 0 920
575 22 0 960
576 23 0 0
577 23 0 40
578 23 0 80
579 23 0 120
580 23 0 160
581 23 0 200
582 23 0 240
583 23 0 280
584 23 0 320
585 23 0 360
586 23 0 400
587 23 0 440
588 23 0 480
589 23 0 520
590 23 0 560
591 23 0 600
592 23 0 640
593 23 0 680
594 23 0 720
595 23 0 760
596 23 0 800
597 23 0 840
598 23 0 880
599 23 0 920
600 23 0 960
601 24 0 0
602 24 0 40
603 24 0 80
604 24 0 120
605 24 0 160
606 24 0 200
607 24 0 240
608 24 0 280
609 24 0 320
610 24 0 360
611 24 0 400
612 24 0 440
613 24 0 480
614 24 0 520
615 24 0 560
616 24 0 600
617 24 0 640
618 24 0 680
619 24 0 720
620 24 0 760
621 24 0 800
622 24 0 840
623 24 0 880
624 24 0 920
625 24 0 960
626 25 0 0
627 25 0 40
628 25 0 80
629 25 0 120
630 25 0 160
631 25 0 200
632 25 0 240
633 25 0 280
634 25 0 320
635 25 0 360
636 25 0 400
637 25 0 440
638 25 0 480
639 25 0 520
640 25 0 560
641 25 0 600
642 25 0 640
643 25 0 680
644 25 0 720
645 25 0 760
646 25 0 800
647 25 0 840
648 25 0 880
649 25 0 920
650 25 0 960
651 26 0 0
652 26 0 40
653 26 0 80
654 26 0 120
655 26 0 160
656 26 0 200
657 26 0 240
658 26 0 280
659 26 0 320
660 26 0 360
661 26 0 400
662 26 0 440
663 26 0 480
664 26 0 520
665 26 0 560
666 26 0 600
667 26 0 640
668 26 0 680
669 26 0 720
670 26 0 760
671 26 0 800
672 26 0 840
673 26 0 880
674 26 0 920
675 26 0 960
676 27 0 0
677 27 0 40
678 27 0 80
679 27 0 120
680 27 0 160
681 27 0 200
682 27 0 240
683 27 0 280
684 27 0 320
685 27 0 360
686 27 0 400
687 27 0 440
688 27 0 480
689 27 0 520
690 27 0 560
691 27 0 600
692 27 0 640
693 27 0 680
694 27 0 720
695 27 0 760
696 27 0 800
697 27 0 840
698 27 0 880
699 27 0 920
700 27 0 960
701 28 0 0
702 28 0 40
703 28 0 80
704 28 0 120
705 28 0 160
706 28 0 200
707 28 0 240
708 28 0 280
709 28 0 320
710 28 0 360
711 28 0 400
712 28 0 440
713 28 0 480
714 28 0 520
715 28 0 560
716 28 0 600
717 28 0 640
718 28 0 680
719 28 0 720
720 28 0 760
721 28 0 800
722 28 0 840
723 28 0 880
724 28 0 920
725 28 0 960
726 29 0 0
727 29 0 40
728 29 0 80
729 29 0 120
730 29 0 160
731 29 0 200
732 29 0 240
733 29 0 280
734 29 0 320
735 29 0 360
736 29 0 400
737 29 0 440
738 29 0 480
739 29 0 520
740 29 0 560
741 29 0 600
742 29 0 640
743 29 0 680
744 29 0 720
745 29 0 760
746 29 0 800
747 29 0 840
748 29 0 880
749 29 0 920
750 29 0 960
751 30 0 0
752 30 0 40
753 30 0 80
754 30 0 120
755 30 0 160
756 30 0 200
757 30 0 240
758 30 0 280
759 30 0 320
760 30 0 360
761 30 0 400
762 30 0 440
763 30 0 480
764 30 0 520
765 30 0 560
766 30 0 600
767 30 0 640
768 30 0 680
769 30 0 720
770 30 0 760
771 30 0 800
772 30 0 840
773 30 0 880
774 30 0 920
775 30 0 960
776 31 0 0
777 31 0 40
778 31 0 80
779 31 0 120
780 31 0 160
781 31 0 200
782 31 0 240
783 31 0 280
784 31 0 320
785 31 0 360
786 31 0 400
787 31 0 440
788 31 0 480
789 31 0 520
790 31 0 560
791 31 0 600
792 31 0 640
793 31 0 680
794 31 0 720
795 31 0 760
796 31 0 800
797 31 0 840
798 31 0 880
799 31 0 920
800 31 0 960
801 32 0 0
802 32 0 40
803 32 0 80
804 32 0 120
805 32 0 160
806 32 0 200
807 32 0 240
808 32 0 280
809 32 0 320
810 32 0 360
811 32 0 400
812 32 0 440
813 32 0 480
814 32 0 520
815 32 0 560
816 32 0 600
817 32 0 640
818 32 0 680
819 32 0 720
820 32 0 760
821 32 0 800
822 32 0 840
823 32 0 880
824 32 0 920
825 32 0 960
826 33 0 0
827 33 0 40
828 33 0 80
829 33 0 120
830 33 0 160
831 33 0 200
832 33 0 240
833 33 0 280
834 33 0 320
835 33 0 360
836 33 0 400
837 33 0 440
838 33 0 480
839 33 0 520
840 33 0 560
841 33 0 600
842 33 0 640
843 33 0 680
844 33 0 720
845 33 0 760
846 33 0 800
847 33 0 840
848 33 0 880
849 33 0 920
850 33 0 960
851 34 0 0
852 34 0 40
853 34 0 80
854 34 0 120
855 34 0 160
856 34 0 200
857 34 0 240
858 34 0 280
859 34 0 320
860 34 0 360
861 34 0 400
862 34 0 440
863 34 0 480
864 34 0 520
865 34 0 560
866 34 0 600
867 34 0 640
868 34 0 680
869 34 0 720
870 34 0 760
871 34 0 800
872 34 0 840
873 34 0 880
874 34 0 920
875 34 0 960
876 35 0 0
877 35 0 40
878 35 0 80
879 35 0 120
880 35 0 160
881 35 0 200
882 35 0 240
883 35 0 280
884 35 0 320
885 35 0 360
886 35 0 400
887 35 0 440
888 35 0 480
889 35 0 520
890 35 0 560
891 35 0 600
892 35 0 640
893 35 0 680
894 35 0 720
895 35 0 760
896 35 0 800
897 35 0 840
898 35 0 880
899 35 0 920
900 35 0 960
901 36 0 0
902 36 0 40
903 36 0 80
904 36 0 120
905 36 0 160
906 36 0 200
907 36 0 240
908 36 0 280
909 36 0 320
910 36 0 360
911 36 0 400
912 36 0 440
913 36 0 480
914 36 0 520
915 36 0 560
916 36 0 600
917 36 0 640
918 36 0 680
919 36 0 720
920 36 0 760
921 36 0 800
922 36 0 840
923 36 0 880
924 36 0 920
925 36 0 960
926 37 0 0
927 37 0 40
928 37 0 80
929 37 0 120
930 37 0 160
931 37 0 200
932 37 0 240
933 37 0 280
934 37 0 320
935 37 0 360
936 37 0 400
937 37 0 440
938 37 0 480
939 37 0 520
940 37 0 560
941 37 0 600
942 37 0 640
943 37 0 680
944 37 0 720
945 37 0 760
946 37 0 800
947 37 0 840
948 37 0 880
949 37 0 920
950 37 0 960
951 38 0 0
952 38 0 40
953 38 0 80
954 38 0 120
955 38 0 160
956 38 0 200
957 38 0 240
958 38 0 280
959 38 0 320
960 38 0 360
961 38 0 400
962 38 0 440
963 38 0 480
964 38 0 520
965 38 0 560
966 38 0 600
967 38 0 640
968 38 0 680
969 38 0 720
970 38 0 760
971 38 0 800
972 38 0 840
973 38 0 880
974 38 0 920
975 38 0 960
976 39 0 0
977 39 0 40
978 39 0 80
979 39 0 120
980 39 0 160
981 39 0 200
982 39 0 240
983 39 0 280
984 39 0 320
985 39 0 360
986 39 0 400
987 39 0 440
988 39 0 480
989 39 0 520
990 39 0 560
991 39 0 600
992 39 0 640
993 39 0 680
994 39 0 720
995 39 0 760
996 39 0 800
997 39 0 840
998 39 0 880
999 39 0 920
1000 39 0 960
1001 40 0 0
1002 40 0 40
1003 40 0 80
1004 40 0 120
1005 40 0 160
1006 40 0 200
1007 40 0 240
1008 40 0 280
1009 40 0 320
1010 40 0 360
1011 40 0 400
1012 40 0 440
1013 40 0 480
1014 40 0 520
1015 40 0 560
1016 40 0 600
1017 40 0 640
1018 40 0 680
1019 40 0 720
1020 40 0 760
1021 40 0 800
1022 40 0 840
1023 40 0 880
1024 40 0 920

