1 0 1 0 5
2 0 1 40 0
3 0 1 80 0
4 0 0 120 0
5 0 1 160 0
6 0 0 200 0
7 0 0 240 0
8 0 0 280 0
9 0 0 320 0
10 0 0 360 0
11 0 0 400 0
12 0 0 440 0
13 0 0 480 0
14 0 0 520 0
15 0 0 560 0
16 0 0 600 0
17 0 0 640 0
18 0 0 680 0
19 0 0 720 0
20 0 0 760 0
21 0 0 800 0
22 0 0 840 0
23 0 0 880 0
24 0 0 920 0
25 0 0 960 0
26 1 0 0 0
27 1 0 40 0
28 1 0 80 0
29 1 0 120 0
30 1 0 160 0
31 1 0 200 0
32 1 0 240 0
33 1 0 280 0
34 1 0 320 0
35 1 0 360 0
36 1 0 400 0
37 1 0 440 0
38 1 0 480 0
39 1 0 520 0
40 1 0 560 0
41 1 0 600 0
42 1 0 640 0
43 1 0 680 0
44 1 0 720 0
45 1 0 760 0
46 1 0 800 0
47 1 0 840 0
48 1 0 880 0
49 1 0 920 0
50 1 0 960 0
51 2 0 0 0
52 2 0 40 0
53 2 0 80 0
54 2 0 120 0
55 2 0 160 0
56 2 0 200 0
57 2 0 240 0
58 2 0 280 0
59 2 0 320 0
60 2 0 360 0
61 2 0 400 0
62 2 0 440 0
63 2 0 480 0
64 2 0 520 0
65 2 0 560 0
66 2 0 600 0
67 2 0 640 0
68 2 0 680 0
69 2 0 720 0
70 2 0 760 0
71 2 0 800 0
72 2 0 840 0
73 2 0 880 0
74 2 0 920 0
75 2 0 960 0
76 3 0 0 0
77 3 0 40 0
78 3 0 80 0
79 3 0 120 0
80 3 0 160 0
81 3 0 200 0
82 3 0 240 0
83 3 0 280 0
84 3 0 320 0
85 3 0 360 0
86 3 0 400 0
87 3 0 440 0
88 3 0 480 0
89 3 0 520 0
90 3 0 560 0
91 3 0 600 0
92 3 0 640 0
93 3 0 680 0
94 3 0 720 0
95 3 0 760 0
96 3 0 800 0
97 3 0 840 0
98 3 0 880 0
99 3 0 920 0
100 3 0 960 0
101 4 0 0 0
102 4 0 40 0
103 4 0 80 0
104 4 0 120 0
105 4 0 160 0
106 4 0 200 0
107 4 0 240 0
108 4 0 280 0
109 4 0 320 0
110 4 0 360 0
111 4 0 400 0
112 4 0 440 0
113 4 0 480 0
114 4 0 520 0
115 4 0 560 0
116 4 0 600 0
117 4 0 640 0
118 4 0 680 0
119 4 0 720 0
120 4 0 760 0
121 4 0 800 0
122 4 0 840 0
123 4 0 880 0
124 4 0 920 0
125 4 0 960 0
126 5 0 0 0
127 5 0 40 0
128 5 0 80 0
129 5 0 120 0
130 5 0 160 0
131 5 0 200 0
132 5 0 240 0
133 5 0 280 0
134 5 0 320 0
135 5 0 360 0
136 5 0 400 0
137 5 0 440 0
138 5 0 480 0
139 5 0 520 0
140 5 0 560 0
141 5 0 600 0
142 5 0 640 0
143 5 0 680 0
144 5 0 720 0
145 5 0 760 0
146 5 0 800 0
147 5 0 840 0
148 5 0 880 0
149 5 0 920 0
150 5 0 960 0
151 6 0 0 0
152 6 0 40 0
153 6 0 80 0
154 6 0 120 0
155 6 0 160 0
156 6 0 200 0
157 6 0 240 0
158 6 0 280 0
159 6 0 320 0
160 6 0 360 0
161 6 0 400 0
162 6 0 440 0
163 6 0 480 0
164 6 0 520 0
165 6 0 560 0
166 6 0 600 0
167 6 0 640 0
168 6 0 680 0
169 6 0 720 0
170 6 0 760 0
171 6 0 800 0
172 6 0 840 0
173 6 0 880 0
174 6 0 920 0
175 6 0 960 0
176 7 0 0 0
177 7 0 40 0
178 7 0 80 0
179 7 0 120 0
180 7 0 160 0
181 7 0 200 0
182 7 0 240 0
183 7 0 280 0
184 7 0 320 0
185 7 0 360 0
186 7 0 400 0
187 7 0 440 0
188 7 0 480 0
189 7 0 520 0
190 7 0 560 0
191 7 0 600 0
192 7 0 640 0
193 7 0 680 0
194 7 0 720 0
195 7 0 760 0
196 7 0 800 0
197 7 0 840 0
198 7 0 880 0
199 7 0 920 0
200 7 0 960 0
201 8 0 0 0
202 8 0 40 0
203 8 0 80 0
204 8 0 120 0
205 8 0 160 0
206 8 0 200 0
207 8 0 240 0
208 8 0 280 0
209 8 0 320 0
210 8 0 360 0
211 8 0 400 0
212 8 0 440 0
213 8 0 480 0
214 8 0 520 0
215 8 0 560 0
216 8 0 600 0
217 8 0 640 0
218 8 0 680 0
219 8 0 720 0
220 8 0 760 0
221 8 0 800 0
222 8 0 840 0
223 8 0 880 0
224 8 0 920 0
225 8 0 960 0
226 9 0 0 0
227 9 0 40 0
228 9 0 80 0
229 9 0 120 0
230 9 0 160 0
231 9 0 200 0
232 9 0 240 0
233 9 0 280 0
234 9 0 320 0
235 9 0 360 0
236 9 0 400 0
237 9 0 440 0
238 9 0 480 0
239 9 0 520 0
240 9 0 560 0
241 9 0 600 0
242 9 0 640 0
243 9 0 680 0
244 9 0 720 0
245 9 0 760 0
246 9 0 800 0
247 9 0 840 0
248 9 0 880 0
249 9 0 920 0
250 9 0 960 0
251 10 0 0 0
252 10 0 40 0
253 10 0 80 0
254 10 0 120 0
255 10 0 160 0
256 10 0 200 0
257 10 0 240 0
258 10 0 280 0
259 10 0 320 0
260 10 0 360 0
261 10 0 400 0
262 10 0 440 0
263 10 0 480 0
264 10 0 520 0
265 10 0 560 0
266 10 0 600 0
267 10 0 640 0
268 10 0 680 0
269 10 0 720 0
270 10 0 760 0
271 10 0 800 0
272 10 0 840 0
273 10 0 880 0
274 10 0 920 0
275 10 0 960 0
276 11 0 0 0
277 11 0 40 0
278 11 0 80 0
279 11 0 120 0
280 11 0 160 0
281 11 0 200 0
282 11 0 240 0
283 11 0 280 0
284 11 0 320 0
285 11 0 360 0
286 11 0 400 0
287 11 0 440 0
288 11 0 480 0
289 11 0 520 0
290 11 0 560 0
291 11 0 600 0
292 11 0 640 0
293 11 0 680 0
294 11 0 720 0
295 11 0 760 0
296 11 0 800 0
297 11 0 840 0
298 11 0 880 0
299 11 0 920 0
300 11 0 960 0
301 12 0 0 0
302 12 0 40 0
303 12 0 80 0
304 12 0 120 0
305 12 0 160 0
306 12 0 200 0
307 12 0 240 0
308 12 0 280 0
309 12 0 320 0
310 12 0 360 0
311 12 0 400 0
312 12 0 440 0
313 12 0 480 0
314 12 0 520 0
315 12 0 560 0
316 12 0 600 0
317 12 0 640 0
318 12 0 680 0
319 12 0 720 0
320 12 0 760 0
321 12 0 800 0
322 12 0 840 0
323 12 0 880 0
324 12 0 920 0
325 12 0 960 0
326 13 0 0 0
327 13 0 40 0
328 13 0 80 0
329 13 0 120 0
330 13 0 160 0
331 13 0 200 0
332 13 0 240 0
333 13 0 280 0
334 13 0 320 0
335 13 0 360 0
336 13 0 400 0
337 13 0 440 0
338 13 0 480 0
339 13 0 520 0
340 13 0 560 0
341 13 0 600 0
342 13 0 640 0
343 13 0 680 0
344 13 0 720 0
345 13 0 760 0
346 13 0 800 0
347 13 0 840 0
348 13 0 880 0
349 13 0 920 0
350 13 0 960 0
351 14 0 0 0
352 14 0 40 0
353 14 0 80 0
354 14 0 120 0
355 14 0 160 0
356 14 0 200 0
357 14 0 240 0
358 14 0 280 0
359 14 0 320 0
360 14 0 360 0
361 14 0 400 0
362 14 0 440 0
363 14 0 480 0
364 14 0 520 0
365 14 0 560 0
366 14 0 600 0
367 14 0 640 0
368 14 0 680 0
369 14 0 720 0
370 14 0 760 0
371 14 0 800 0
372 14 0 840 0
373 14 0 880 0
374 14 0 920 0
375 14 0 960 0
376 15 0 0 0
377 15 0 40 0
378 15 0 80 0
379 15 0 120 0
380 15 0 160 0
381 15 0 200 0
382 15 0 240 0
383 15 0 280 0
384 15 0 320 0
385 15 0 360 0
386 15 0 400 0
387 15 0 440 0
388 15 0 480 0
389 15 0 520 0
390 15 0 560 0
391 15 0 600 0
392 15 0 640 0
393 15 0 680 0
394 15 0 720 0
395 15 0 760 0
396 15 0 800 0
397 15 0 840 0
398 15 0 880 0
399 15 0 920 0
400 15 0 960 0
401 16 0 0 0
402 16 0 40 0
403 16 0 80 0
404 16 0 120 0
405 16 0 160 0
406 16 0 200 0
407 16 0 240 0
408 16 0 280 0
409 16 0 320 0
410 16 0 360 0
411 16 0 400 0
412 16 0 440 0
413 16 0 480 0
414 16 0 520 0
415 16 0 560 0
416 16 0 600 0
417 16 0 640 0
418 16 0 680 0
419 16 0 720 0
420 16 0 760 0
421 16 0 800 0
422 16 0 840 0
423 16 0 880 0
424 16 0 920 0
425 16 0 960 0
426 17 0 0 0
427 17 0 40 0
428 17 0 80 0
429 17 0 120 0
430 17 0 160 0
431 17 0 200 0
432 17 0 240 0
433 17 0 280 0
434 17 0 320 0
435 17 0 360 0
436 17 0 400 0
437 17 0 440 0
438 17 0 480 0
439 17 0 520 0
440 17 0 560 0
441 17 0 600 0
442 17 0 640 0
443 17 0 680 0
444 17 0 720 0
445 17 0 760 0
446 17 0 800 0
447 17 0 840 0
448 17 0 880 0
449 17 0 920 0
450 17 0 960 0
451 18 0 0 0
452 18 0 40 0
453 18 0 80 0
454 18 0 120 0
455 18 0 160 0
456 18 0 200 0
457 18 0 240 0
458 18 0 280 0
459 18 0 320 0
460 18 0 360 0
461 18 0 400 0
462 18 0 440 0
463 18 0 480 0
464 18 0 520 0
465 18 0 560 0
466 18 0 600 0
467 18 0 640 0
468 18 0 680 0
469 18 0 720 0
470 18 0 760 0
471 18 0 800 0
472 18 0 840 0
473 18 0 880 0
474 18 0 920 0
475 18 0 960 0
476 19 0 0 0
477 19 0 40 0
478 19 0 80 0
479 19 0 120 0
480 19 0 160 0
481 19 0 200 0
482 19 0 240 0
483 19 0 280 0
484 19 0 320 0
485 19 0 360 0
486 19 0 400 0
487 19 0 440 0
488 19 0 480 0
489 19 0 520 0
490 19 0 560 0
491 19 0 600 0
492 19 0 640 0
493 19 0 680 0
494 19 0 720 0
495 19 0 760 0
496 19 0 800 0
497 19 0 840 0
498 19 0 880 0
499 19 0 920 0
500 19 0 960 0
501 20 0 0 0
502 20 0 40 0
503 20 0 80 0
504 20 0 120 0
505 20 0 160 0
506 20 0 200 0
507 20 0 240 0
508 20 0 280 0
509 20 0 320 0
510 20 0 360 0
511 20 0 400 0
512 20 0 440 0
513 20 0 480 0
514 20 0 520 0
515 20 0 560 0
516 20 0 600 0
517 20 0 640 0
518 20 0 680 0
519 20 0 720 0
520 20 0 760 0
521 20 0 800 0
522 20 0 840 0
523 20 0 880 0
524 20 0 920 0
525 20 0 960 0
526 21 0 0 0
527 21 0 40 0
528 21 0 80 0
529 21 0 120 0
530 21 0 160 0
531 21 0 200 0
532 21 0 240 0
533 21 0 280 0
534 21 0 320 0
535 21 0 360 0
536 21 0 400 0
537 21 0 440 0
538 21 0 480 0
539 21 0 520 0
540 21 0 560 0
541 21 0 600 0
542 21 0 640 0
543 21 0 680 0
544 21 0 720 0
545 21 0 760 0
546 21 0 800 0
547 21 0 840 0
548 21 0 880 0
549 21 0 920 0
550 21 0 960 0
551 22 0 0 0
552 22 0 40 0
553 22 0 80 0
554 22 0 120 0
555 22 0 160 0
556 22 0 200 0
557 22 0 240 0
558 22 0 280 0
559 22 0 320 0
560 22 0 360 0
561 22 0 400 0
562 22 0 440 0
563 22 0 480 0
564 22 0 520 0
565 22 0 560 0
566 22 0 600 0
567 22 0 640 0
568 22 0 680 0
569 22 0 720 0
570 22 0 760 0
571 22 0 800 0
572 22 0 840 0
573 22 0 880 0
574 22 0 920 0
575 22 0 960 0
576 23 0 0 0
577 23 0 40 0
578 23 0 80 0
579 23 0 120 0
580 23 0 160 0
581 23 0 200 0
582 23 0 240 0
583 23 0 280 0
584 23 0 320 0
585 23 0 360 0
586 23 0 400 0
587 23 0 440 0
588 23 0 480 0
589 23 0 520 0
590 23 0 560 0
591 23 0 600 0
592 23 0 640 0
593 23 0 680 0
594 23 0 720 0
595 23 0 760 0
596 23 0 800 0
597 23 0 840 0
598 23 0 880 0
599 23 0 920 0
600 23 0 960 0
601 24 0 0 0
602 24 0 40 0
603 24 0 80 0
604 24 0 120 0
605 24 0 160 0
606 24 0 200 0
607 24 0 240 0
608 24 0 280 0
609 24 0 320 0
610 24 0 360 0
611 24 0 400 0
612 24 0 440 0
613 24 0 480 0
614 24 0 520 0
615 24 0 560 0
616 24 0 600 0
617 24 0 640 0
618 24 0 680 0
619 24 0 720 0
620 24 0 760 0
621 24 0 800 0
622 24 0 840 0
623 24 0 880 0
624 24 0 920 0
625 24 0 960 0
626 25 0 0 0
627 25 0 40 0
628 25 0 80 0
629 25 0 120 0
630 25 0 160 0
631 25 0 200 0
632 25 0 240 0
633 25 0 280 0
634 25 0 320 0
635 25 0 360 0
636 25 0 400 0
637 25 0 440 0
638 25 0 480 0
639 25 0 520 0
640 25 0 560 0
641 25 0 600 0
642 25 0 640 0
643 25 0 680 0
644 25 0 720 0
645 25 0 760 0
646 25 0 800 0
647 25 0 840 0
648 25 0 880 0
649 25 0 920 0
650 25 0 960 0
651 26 0 0 0
652 26 0 40 0
653 26 0 80 0
654 26 0 120 0
655 26 0 160 0
656 26 0 200 0
657 26 0 240 0
658 26 0 280 0
659 26 0 320 0
660 26 0 360 0
661 26 0 400 0
662 26 0 440 0
663 26 0 480 0
664 26 0 520 0
665 26 0 560 0
666 26 0 600 0
667 26 0 640 0
668 26 0 680 0
669 26 0 720 0
670 26 0 760 0
671 26 0 800 0
672 26 0 840 0
673 26 0 880 0
674 26 0 920 0
675 26 0 960 0
676 27 0 0 0
677 27 0 40 0
678 27 0 80 0
679 27 0 120 0
680 27 0 160 0
681 27 0 200 0
682 27 0 240 0
683 27 0 280 0
684 27 0 320 0
685 27 0 360 0
686 27 0 400 0
687 27 0 440 0
688 27 0 480 0
689 27 0 520 0
690 27 0 560 0
691 27 0 600 0
692 27 0 640 0
693 27 0 680 0
694 27 0 720 0
695 27 0 760 0
696 27 0 800 0
697 27 0 840 0
698 27 0 880 0
699 27 0 920 0
700 27 0 960 0
701 28 0 0 0
702 28 0 40 0
703 28 0 80 0
704 28 0 120 0
705 28 0 160 0
706 28 0 200 0
707 28 0 240 0
708 28 0 280 0
709 28 0 320 0
710 28 0 360 0
711 28 0 400 0
712 28 0 440 0
713 28 0 480 0
714 28 0 520 0
715 28 0 560 0
716 28 0 600 0
717 28 0 640 0
718 28 0 680 0
719 28 0 720 0
720 28 0 760 0
721 28 0 800 0
722 28 0 840 0
723 28 0 880 0
724 28 0 920 0
725 28 0 960 0
726 29 0 0 0
727 29 0 40 0
728 29 0 80 0
729 29 0 120 0
730 29 0 160 0
731 29 0 200 0
732 29 0 240 0
733 29 0 280 0
734 29 0 320 0
735 29 0 360 0
736 29 0 400 0
737 29 0 440 0
738 29 0 480 0
739 29 0 520 0
740 29 0 560 0
741 29 0 600 0
742 29 0 640 0
743 29 0 680 0
744 29 0 720 0
745 29 0 760 0
746 29 0 800 0
747 29 0 840 0
748 29 0 880 0
749 29 0 920 0
750 29 0 960 0
751 30 0 0 0
752 30 0 40 0
753 30 0 80 0
754 30 0 120 0
755 30 0 160 0
756 30 0 200 0
757 30 0 240 0
758 30 0 280 0
759 30 0 320 0
760 30 0 360 0
761 30 0 400 0
762 30 0 440 0
763 30 0 480 0
764 30 0 520 0
765 30 0 560 0
766 30 0 600 0
767 30 0 640 0
768 30 0 680 0
769 30 0 720 0
770 30 0 760 0
771 30 0 800 0
772 30 0 840 0
773 30 0 880 0
774 30 0 920 0
775 30 0 960 0
776 31 0 0 0
777 31 0 40 0
778 31 0 80 0
779 31 0 120 0
780 31 0 160 0
781 31 0 200 0
782 31 0 240 0
783 31 0 280 0
784 31 0 320 0
785 31 0 360 0
786 31 0 400 0
787 31 0 440 0
788 31 0 480 0
789 31 0 520 0
790 31 0 560 0
791 31 0 600 0
792 31 0 640 0
793 31 0 680 0
794 31 0 720 0
795 31 0 760 0
796 31 0 800 0
797 31 0 840 0
798 31 0 880 0
799 31 0 920 0
800 31 0 960 0
801 32 0 0 0
802 32 0 40 0
803 32 0 80 0
804 32 0 120 0
805 32 0 160 0
806 32 0 200 0
807 32 0 240 0
808 32 0 280 0
809 32 0 320 0
810 32 0 360 0
811 32 0 400 0
812 32 0 440 0
813 32 0 480 0
814 32 0 520 0
815 32 0 560 0
816 32 0 600 0
817 32 0 640 0
818 32 0 680 0
819 32 0 720 0
820 32 0 760 0
821 32 0 800 0
822 32 0 840 0
823 32 0 880 0
824 32 0 920 0
825 32 0 960 0
826 33 0 0 0
827 33 0 40 0
828 33 0 80 0
829 33 0 120 0
830 33 0 160 0
831 33 0 200 0
832 33 0 240 0
833 33 0 280 0
834 33 0 320 0
835 33 0 360 0
836 33 0 400 0
837 33 0 440 0
838 33 0 480 0
839 33 0 520 0
840 33 0 560 0
841 33 0 600 0
842 33 0 640 0
843 33 0 680 0
844 33 0 720 0
845 33 0 760 0
846 33 0 800 0
847 33 0 840 0
848 33 0 880 0
849 33 0 920 0
850 33 0 960 0
851 34 0 0 0
852 34 0 40 0
853 34 0 80 0
854 34 0 120 0
855 34 0 160 0
856 34 0 200 0
857 34 0 240 0
858 34 0 280 0
859 34 0 320 0
860 34 0 360 0
861 34 0 400 0
862 34 0 440 0
863 34 0 480 0
864 34 0 520 0
865 34 0 560 0
866 34 0 600 0
867 34 0 640 0
868 34 0 680 0
869 34 0 720 0
870 34 0 760 0
871 34 0 800 0
872 34 0 840 0
873 34 0 880 0
874 34 0 920 0
875 34 0 960 0
876 35 0 0 0
877 35 0 40 0
878 35 0 80 0
879 35 0 120 0
880 35 0 160 0
881 35 0 200 0
882 35 0 240 0
883 35 0 280 0
884 35 0 320 0
885 35 0 360 0
886 35 0 400 0
887 35 0 440 0
888 35 0 480 0
889 35 0 520 0
890 35 0 560 0
891 35 0 600 0
892 35 0 640 0
893 35 0 680 0
894 35 0 720 0
895 35 0 760 0
896 35 0 800 0
897 35 0 840 0
898 35 0 880 0
899 35 0 920 0
900 35 0 960 0
901 36 0 0 0
902 36 0 40 0
903 36 0 80 0
904 36 0 120 0
905 36 0 160 0
906 36 0 200 0
907 36 0 240 0
908 36 0 280 0
909 36 0 320 0
910 36 0 360 0
911 36 0 400 0
912 36 0 440 0
913 36 0 480 0
914 36 0 520 0
915 36 0 560 0
916 36 0 600 0
917 36 0 640 0
918 36 0 680 0
919 36 0 720 0
920 36 0 760 0
921 36 0 800 0
922 36 0 840 0
923 36 0 880 0
924 36 0 920 0
925 36 0 960 0
926 37 0 0 0
927 37 0 40 0
928 37 0 80 0
929 37 0 120 0
930 37 0 160 0
931 37 0 200 0
932 37 0 240 0
933 37 0 280 0
934 37 0 320 0
935 37 0 360 0
936 37 0 400 0
937 37 0 440 0
938 37 0 480 0
939 37 0 520 0
940 37 0 560 0
941 37 0 600 0
942 37 0 640 0
943 37 0 680 0
944 37 0 720 0
945 37 0 760 0
946 37 0 800 0
947 37 0 840 0
948 37 0 880 0
949 37 0 920 0
950 37 0 960 0
951 38 0 0 0
952 38 0 40 0
953 38 0 80 0
954 38 0 120 0
955 38 0 160 0
956 38 0 200 0
957 38 0 240 0
958 38 0 280 0
959 38 0 320 0
960 38 0 360 0
961 38 0 400 0
962 38 0 440 0
963 38 0 480 0
964 38 0 520 0
965 38 0 560 0
966 38 0 600 0
967 38 0 640 0
968 38 0 680 0
969 38 0 720 0
970 38 0 760 0
971 38 0 800 0
972 38 0 840 0
973 38 0 880 0
974 38 0 920 0
975 38 0 960 0
976 39 0 0 0
977 39 0 40 0
978 39 0 80 0
979 39 0 120 0
980 39 0 160 0
981 39 0 200 0
982 39 0 240 0
983 39 0 280 0
984 39 0 320 0
985 39 0 360 0
986 39 0 400 0
987 39 0 440 0
988 39 0 480 0
989 39 0 520 0
990 39 0 560 0
991 39 0 600 0
992 39 0 640 0
993 39 0 680 0
994 39 0 720 0
995 39 0 760 0
996 39 0 800 0
997 39 0 840 0
998 39 0 880 0
999 39 0 920 0
1000 39 0 960 0
1001 40 0 0 0
1002 40 0 40 0
1003 40 0 80 0
1004 40 0 120 0
1005 40 0 160 0
1006 40 0 200 0
1007 40 0 240 0
1008 40 0 280 0
1009 40 0 320 0
1010 40 0 360 0
1011 40 0 400 0
1012 40 0 440 0
1013 40 0 480 0
1014 40 0 520 0
1015 40 0 560 0
1016 40 0 600 0
1017 40 0 640 0
1018 40 0 680 0
1019 40 0 720 0
1020 40 0 760 0
1021 40 0 800 0
1022 40 0 840 0
1023 40 0 880 0
1024 40 0 920 0

